7 20 22 33 35 42
7 9 17 20 26 27
2 6 21 26 43 45
6 12 15 17 32 40
3 9 22 25 27 31
7 26 34 39 41 42
5 6 14 16 32 43
4 8 26 28 34 38
4 9 27 31 38 39
1 15 17 31 36 45
8 12 13 28 34 46
1 21 34 36 38 40
8 13 16 18 30 31
4 7 19 22 25 41
10 11 36 41 44 46
3 12 15 19 23 32
5 7 10 18 41 47
3 8 15 25 39 45
1 5 8 19 20 28
5 8 9 10 15 29
3 5 14 30 40 43
12 16 22 36 40 43
5 7 10 16 30 46
3 9 13 27 38 44
2 5 7 16 46 47
3 7 17 24 26 29
8 9 16 26 32 47
1 6 17 25 31 38
1 4 12 31 37 39
1 10 13 14 16 30
3 8 27 32 39 47
3 14 22 38 45 46
15 21 28 32 36 47
5 6 10 14 40 41
9 18 22 25 43 44
10 19 23 28 31 32
2 15 25 43 45 46
2 11 14 28 29 34
10 14 26 37 42 47
14 18 25 27 33 44
3 6 17 23 27 29
10 12 13 19 43 45
6 7 11 17 23 33
21 25 26 28 33 47
1 4 7 14 15 42
3 4 14 25 42 45
10 22 27 37 41 42
2 12 21 22 30 37
7 10 19 29 39 44
10 14 22 32 34 40
1 15 17 34 39 46
7 8 22 35 39 46
10 11 21 23 25 44
2 8 16 24 33 42
4 6 12 13 15 31
9 18 23 27 31 38
4 14 21 28 35 36
7 13 26 36 39 42
3 10 21 25 28 34
4 8 20 23 29 41
2 10 27 38 39 43
2 3 6 22 25 42
9 27 30 38 40 46
14 22 37 40 43 45
1 9 16 34 37 46
2 10 28 38 44 46
4 5 7 14 18 31
1 9 15 23 33 38
2 5 17 27 34 45
14 21 23 25 30 34
2 28 34 36 45 46
4 5 11 17 34 42
3 8 14 18 37 41
19 20 24 31 43 47
4 8 12 15 25 40
8 15 17 22 34 38
16 18 27 31 39 45
22 28 37 38 41 42
1 15 31 42 44 47
4 32 34 35 43 47
1 10 15 18 30 44
15 16 19 20 26 29
10 15 18 20 32 46
4 6 15 21 22 42
6 16 23 28 32 35
1 4 27 29 42 45
7 10 16 40 44 45
4 11 24 40 42 43
4 5 9 12 29 38
3 11 32 33 37 44
6 9 17 33 44 47
15 28 39 40 42 43
22 35 36 41 44 45
1 10 13 18 27 40
2 4 5 27 40 47
8 10 18 20 28 44
11 14 15 27 29 37
6 17 18 30 40 43
6 11 17 20 28 34
5 13 16 18 19 40
3 16 29 30 41 43
10 11 12 15 18 19
10 17 18 29 37 43
5 10 20 35 43 44
8 14 16 34 35 42
6 9 11 16 19 29
1 2 10 25 38 41
5 6 14 24 26 29
6 7 15 17 20 45
12 16 17 18 25 35
2 19 31 40 43 46
2 7 16 17 27 47
1 2 20 27 32 38
2 5 8 14 40 42
4 17 22 40 42 46
9 18 24 26 27 35
4 6 9 20 29 45
5 10 27 30 32 45
2 11 24 28 37 47
7 9 12 15 28 45
11 21 22 27 30 43
20 25 28 32 38 39
13 27 36 39 41 46
1 16 27 32 35 45
2 15 18 30 33 40
2 9 19 28 32 43
12 14 27 31 37 42
2 13 19 26 29 46
3 8 20 27 28 39
1 19 31 33 37 39
1 5 24 34 39 41
2 6 21 23 29 44
30 36 37 39 43 44
4 5 17 25 36 41
1 7 9 27 35 42
7 20 25 27 41 45
6 10 23 28 37 41
8 10 11 16 40 42
1 12 34 43 45 47
2 8 10 23 27 29
6 10 19 21 43 44
33 36 39 42 45 47
8 12 13 16 19 24
2 4 11 22 25 34
2 12 24 31 34 43
18 21 22 23 24 36
6 7 17 20 25 29
13 14 22 24 25 42
11 13 34 38 40 47
10 21 22 26 42 46
2 6 9 31 41 47
2 16 19 26 28 29
3 10 15 17 34 39
27 32 44 45 46 47
5 9 27 36 38 47
2 12 17 29 32 38
2 15 19 26 37 38
6 12 18 20 41 42
11 13 21 31 32 42
3 11 32 36 37 38
7 9 15 30 37 45
9 11 18 24 30 44
16 22 30 35 36 47
1 4 6 16 18 27
1 8 28 38 40 46
9 16 31 35 37 43
9 10 11 22 30 42
2 7 9 35 41 45
7 14 18 24 25 31
7 9 16 26 40 45
8 18 23 29 30 31
13 17 18 25 26 27
1 16 24 28 39 40
3 12 16 21 39 44
1 15 24 31 35 36
3 7 17 21 22 28
7 8 19 29 36 47
4 16 33 39 43 47
11 32 39 41 42 44
11 17 29 30 38 42
6 16 21 22 30 45
2 5 12 34 41 47
15 31 33 34 36 43
8 10 22 31 36 37
4 9 17 20 23 33
5 6 19 20 24 29
7 10 20 22 40 46
9 14 32 34 40 42
12 15 24 29 33 46
3 20 31 32 43 46
6 10 15 25 34 45
11 13 19 26 38 41
7 16 18 20 24 37
11 31 32 33 38 45
5 6 24 30 38 47
5 10 18 23 36 46
1 5 27 28 32 45
8 14 20 21 41 44
1 6 13 24 37 40
7 18 29 32 34 41
7 12 20 23 25 41
17 20 26 28 36 47
2 7 10 27 29 37
1 19 22 26 44 45
7 16 17 25 31 33
3 12 19 23 37 40
7 19 30 31 37 42
1 16 17 32 34 35
5 12 18 19 29 39
7 11 18 23 28 40
1 4 5 6 18 47
2 8 20 25 33 45
7 19 20 32 34 43
1 2 4 22 38 40
3 11 14 24 30 35
9 26 27 30 42 44
19 24 31 36 38 42
4 6 16 18 26 32
15 18 24 28 33 47
9 16 25 31 38 43
18 23 25 26 42 43
2 8 9 16 27 43
9 13 16 27 32 33
2 10 12 14 31 46
8 10 11 25 28 32
2 3 17 21 34 39
5 13 14 23 31 34
21 31 32 43 44 47
7 11 26 30 45 47
9 16 27 41 42 47
4 7 17 19 27 34
15 17 21 24 28 36
1 8 18 25 39 41
4 16 18 24 32 35
1 4 5 16 39 47
10 11 18 27 28 42
9 15 29 36 44 47
5 13 15 23 36 45
31 38 39 40 42 47
1 21 33 37 38 40
15 16 18 26 27 38
5 14 28 29 32 38
17 20 22 24 25 40
2 8 14 18 39 44
3 8 15 22 25 27
6 8 19 20 38 46
29 32 33 35 36 44
1 2 7 33 34 40
1 4 25 31 32 38
17 19 29 31 37 41
2 7 15 20 21 23
2 12 22 24 33 41
2 9 13 19 21 45
7 16 21 27 30 31
2 5 23 31 37 39
4 6 16 18 27 39
8 16 18 23 35 40
20 21 23 34 39 43
9 26 27 29 31 47
1 10 30 31 42 47
8 14 17 25 28 39
23 25 33 39 42 46
15 19 22 35 36 45
12 27 30 33 38 40
10 11 15 16 22 46
4 10 13 22 25 31
3 5 13 18 29 40
2 17 24 25 35 40
19 20 28 30 33 37
1 2 17 19 38 47
8 14 18 20 23 29
4 18 30 35 40 45
2 7 33 35 40 42
8 9 12 20 28 34
5 14 15 24 27 41
9 12 19 20 29 36
18 30 31 32 33 42
8 16 20 22 37 47
9 17 19 29 37 41
13 19 30 36 41 47
1 12 23 32 36 40
5 6 14 19 22 30
5 10 14 22 25 31
3 11 14 23 36 45
5 22 29 38 40 44
6 15 22 30 39 45
11 13 14 16 31 38
1 7 10 17 35 37
1 10 22 28 44 47
11 12 19 27 30 38
5 21 25 29 41 43
6 26 27 32 45 47
11 26 32 36 42 47
4 6 12 20 40 43
9 18 20 27 38 39
19 22 24 30 38 45
6 25 29 33 42 46
3 11 24 26 29 47
2 14 21 39 42 45
5 16 37 43 44 46
2 8 25 33 39 42
2 6 11 13 20 30
3 16 21 29 36 47
7 23 27 28 37 44
3 27 38 40 43 46
3 4 5 19 26 43
5 20 25 27 30 31
4 22 30 37 45 47
15 30 31 33 39 42
3 8 12 18 22 32
8 14 28 29 35 44
4 9 16 17 21 41
26 27 35 40 41 42
7 8 9 15 27 29
3 10 12 20 29 46
5 12 24 36 37 42
11 12 28 35 37 44
5 7 18 28 37 40
8 11 32 36 46 47
8 15 30 32 35 46
6 7 21 37 46 47
6 9 13 14 27 45
1 15 22 27 31 34
7 21 22 29 31 46
2 13 17 21 28 37
5 7 8 22 27 31
13 16 20 39 42 45
11 22 31 36 44 46
8 19 24 29 42 45
14 24 30 38 40 45
6 15 20 29 38 44
1 5 6 12 22 46
1 8 11 22 28 32
7 8 12 22 36 46
1 8 14 15 45 47
3 4 20 21 37 42
9 14 15 18 25 34
21 29 31 38 41 42
8 9 10 17 20 37
16 24 31 39 43 47
15 16 17 18 35 43
9 15 17 24 41 43
1 19 20 29 31 44
2 9 23 34 35 38
1 5 19 24 27 42
5 20 21 24 34 45
1 2 30 41 42 43
7 13 18 26 27 28
2 14 26 33 37 47
7 10 18 26 37 40
15 16 18 23 39 45
19 30 32 33 35 46
6 9 11 27 34 42
7 33 34 37 45 46
14 26 36 37 40 45
6 12 13 23 31 34
4 6 16 34 38 39
3 5 16 30 46 47
3 4 8 10 11 46
4 9 12 14 17 20
3 9 11 27 30 47
3 6 17 28 35 42
1 9 10 16 19 30
3 19 21 29 31 35
14 15 16 19 38 46
1 3 7 27 31 44
2 6 13 21 41 46
2 3 22 25 31 34
7 10 18 45 46 47
7 15 23 37 41 43
1 18 19 25 26 42
9 10 23 29 42 47
14 17 26 31 34 43
1 10 14 21 22 39
2 11 22 23 29 45
4 9 10 34 35 46
3 9 17 29 42 43
6 7 17 24 27 44
7 30 35 37 41 42
7 13 14 15 16 33
9 12 26 29 34 40
10 12 21 33 35 39
2 17 18 35 38 43
22 24 26 39 42 47
8 17 21 28 44 46
1 7 10 13 39 47
20 21 25 28 33 39
1 7 9 18 22 33
18 23 29 35 40 46
12 14 17 23 27 46
3 11 12 24 37 39
1 2 3 10 30 45
1 3 12 29 36 44
9 10 34 37 40 47
7 14 24 27 35 38
3 32 34 37 41 43
7 17 30 31 34 42
3 4 19 32 39 46
5 13 16 23 27 35
7 12 35 40 44 46
18 25 30 35 41 44
7 14 17 19 27 31
4 7 26 33 35 38
4 8 23 25 34 35
7 20 28 29 42 46
9 13 34 35 37 41
11 14 22 31 32 33
4 29 30 33 40 42
5 10 13 19 27 28
1 3 22 29 31 37
2 3 7 16 29 37
6 12 28 33 44 45
15 18 25 29 39 40
1 15 16 28 34 45
10 13 23 24 25 44
5 6 8 16 29 46
1 8 10 35 37 42
13 19 22 24 34 40
7 22 27 30 41 42
8 11 12 25 34 39
2 15 24 33 41 42
16 21 24 30 31 43
8 13 17 29 34 37
6 8 13 15 21 30
1 13 17 26 30 35
2 10 22 27 38 39
6 10 16 23 24 37
18 21 29 35 41 43
9 10 21 27 31 35
1 23 27 33 42 44
7 14 17 23 30 45
5 8 18 19 28 34
13 27 32 36 38 39
13 20 37 38 39 47
1 3 7 13 23 25
3 18 28 30 31 47
1 12 27 29 30 35
3 4 15 26 27 47
2 6 8 9 24 39
1 2 11 13 14 44
15 16 20 25 28 37
4 15 20 21 34 39
11 28 29 39 42 44
6 7 19 22 24 46
14 16 26 27 32 36
13 16 18 25 38 41
2 9 12 21 32 46
11 17 24 29 30 47
8 9 14 18 23 38
6 19 22 28 35 40
12 23 30 36 37 38
2 14 18 23 34 39
4 5 23 30 42 47
2 5 16 17 22 23
2 5 13 31 42 44
3 15 20 22 24 45
15 17 23 31 33 41
4 13 16 23 33 42
10 15 19 21 24 37
11 27 29 34 35 40
1 3 20 22 39 44
3 10 12 23 29 45
13 19 20 33 40 43
14 20 24 38 41 45
2 4 10 17 20 41
1 2 8 33 38 41
6 10 16 24 25 46
5 14 27 28 31 44
2 11 26 31 40 47
5 11 18 35 40 42
1 7 10 12 24 34
12 14 22 26 33 45
3 10 16 37 38 42
5 8 11 18 22 36
4 8 14 15 31 34
4 5 7 16 43 47
9 21 27 28 30 41
2 9 21 34 37 44
4 10 14 15 29 43
12 22 23 29 38 44
10 13 24 32 33 42
13 16 20 28 37 47
7 19 33 37 39 42
4 9 15 27 29 34
14 24 25 26 29 40
3 16 20 25 29 33
8 23 31 39 41 45
3 10 17 21 37 46
7 14 20 23 27 46